0.7506545
0.4648332
0.59759775
0.46028561
0.36666088
0.37773841
0.16162776
0.3303943
0.15905831
0.08878588
0.16284952
-0.09198076
0.05755583
-0.00690908
-0.08627636
-0.17180424
-0.14778207
0.13121791
0.05268415
0.20694965
0.25287625
0.2071192
-0.13591836
0.05354584
-0.03558645
0.15699341
-0.06508942
-0.01435246
0.02291645
0.18877783
-0.02751401
0.09592962
0.06666674
0.1807308
0.15543041
0.02639022
0.01843893
0.04896963
0.0303207
0.05119754
0.24099308
0.2244329
0.23689694
0.08980581
0.25272138
0.26725296
0.12786816
0.16265063
0.20542404
0.06826679
0.16905985
-0.11230055
0.26179213
-0.412312
-0.28820566
-0.7619902
-0.78933468
0.07066217
0.05785475
0.07163788
0.09949514
0.0659708
0.05370837
0.08441868
0.10157278
0.07317574
0.0521853
0.08980666
0.13113512
0.05943309
0.07517572
0.12460218
0.14885796
0.09071907
0.13017884
0.13185969
0.15196722
0.07848544
0.14924624
0.16053609
0.17735544
0.14470971
0.17275872
0.16058981
0.22807136
0.20728811
0.10876597
0.21471959
0.25136905
0.15147268
0.06366331
0.05917714
0.05995267
0.35288009
0.3224057
0.32988077
0.41806458
0.22880318
0.2080819
0.18504847
0.27116284
0.16066195
0.02547032
0.26150045
-0.00634039
0.09471136
-0.00407705
0.04759596
-0.07549638
-0.30815721
-0.00878173
0.08964445
0.23265916
0.37008611
0.18283593
0.00240797
0.063899
0.02892268
0.10802879
0.15672677
-0.11335258
0.10549109
0.1571762
0.13290998
-0.01251118
0.15487122
0.15770952
0.33037764
0.03888211
0.08105707
0.00799348
0.00375632
-0.02392944
0.15019215
0.21615677
0.17854093
0.04104506
0.12700956
0.23964236
0.05613369
0.14857745
0.07375734
0.02816608
0.16226977
0.01757525
-0.23848002
0.05705152
0.29372066
0.56730329
1.105205